2.0000	1.5000	2.6644	0.0050000	0.123100	0.0030000
3.0000	2.5000	2.5623	0.0050000	0.120240	0.0030000
4.0000	3.5000	2.4598	0.0050000	0.106700	0.0030000
5.0000	4.5000	2.3884	0.0050000	0.101030	0.0030000
6.0000	5.5000	2.3286	0.0050000	0.104000	0.0030000
7.0000	6.5000	2.2847	0.0050000	0.103570	0.0030000
8.0000	7.5000	2.2475	0.0050000	0.100720	0.0030000
9.0000	8.5000	2.2114	0.0050000	0.099107	0.0030000
10.000	9.5000	2.1798	0.0050000	0.096387	0.0030000
11.000	10.500	2.1560	0.0050000	0.096337	0.0030000
12.000	11.500	2.1330	0.0050000	0.097562	0.0030000
13.000	12.500	2.1113	0.0050000	0.10037		0.0030000
14.000	13.500	2.0910	0.0050000	0.10014		0.0030000
15.000	14.500	2.0736	0.0050000	0.099924	0.0030000
16.000	15.500	2.0599	0.0050000	0.10193		0.0030000
17.000	16.500	2.0425	0.0050000	0.10553		0.0030000
18.000	17.500	2.0297	0.0050000	0.10517		0.0030000
19.000	18.500	2.0149	0.0050000	0.10148		0.0030000
20.000	19.500	2.0022	0.0050000	0.10425		0.0030000
21.000	20.500	1.9935	0.0050000	0.10148		0.0030000
22.000	21.500	1.9793	0.0050000	0.098926	0.0030000
23.000	22.500	1.9673	0.0050000	0.10317		0.0030000
24.000	23.500	1.9628	0.0050000	0.10119		0.0030000
25.000	24.500	1.9547	0.0050000	0.099190	0.0030000
26.000	25.500	1.9472	0.0050000	0.10396		0.0030000
27.000	26.500	1.9391	0.0050000	0.10746		0.0030000
28.000	27.500	1.9306	0.0050000	0.10148		0.0030000
29.000	28.500	1.9269	0.0050000	0.096045	0.0030000
30.000	29.500	1.9201	0.0050000	0.097950	0.0030000
31.000	30.500	1.9118	0.0050000	0.10012		0.0030000
32.000	31.500	1.9028	0.0050000	0.10203		0.0030000
33.000	32.500	1.8976	0.0050000	0.10162		0.0030000
34.000	33.500	1.8919	0.0050000	0.10097		0.0030000
35.000	34.500	1.8849	0.0050000	0.098612	0.0030000
36.000	35.500	1.8808	0.0050000	0.10141		0.0030000
37.000	36.500	1.8786	0.0050000	0.10554		0.0030000
38.000	37.500	1.8738	0.0050000	0.094737	0.0030000
39.000	38.500	1.8684	0.0050000	0.091920	0.0030000
40.000	39.500	1.8630	0.0050000	0.097350	0.0030000
41.000	40.500	1.8533	0.0050000	0.097032	0.0030000
42.000	41.500	1.8529	0.0050000	0.096535	0.0030000
43.000	42.500	1.8531	0.0050000	0.10020		0.0030000
44.000	43.500	1.8452	0.0050000	0.098506	0.0030000
45.000	44.500	1.8391	0.0050000	0.090486	0.0030000
46.000	45.500	1.8372	0.0050000	0.094319	0.0030000
47.000	46.500	1.8343	0.0050000	0.095868	0.0030000
48.000	47.500	1.8289	0.0050000	0.092815	0.0030000
49.000	48.500	1.8262	0.0050000	0.095902	0.0030000
50.000	49.500	1.8218	0.0050000	0.093164	0.0030000
51.000	50.500	1.8137	0.0050000	0.092112	0.0030000
52.000	51.500	1.8114	0.0050000	0.092489	0.0030000
53.000	52.500	1.8110	0.0050000	0.094256	0.0030000
54.000	53.500	1.8031	0.0050000	0.096090	0.0030000
55.000	54.500	1.7991	0.0050000	0.090629	0.0030000
56.000	55.500	1.7989	0.0050000	0.092276	0.0030000
57.000	56.500	1.7983	0.0050000	0.091731	0.0030000
58.000	57.500	1.7952	0.0050000	0.091111	0.0030000
59.000	58.500	1.7933	0.0050000	0.093824	0.0030000
60.000	59.500	1.7870	0.0050000	0.094203	0.0030000
61.000	60.500	1.7804	0.0050000	0.094764	0.0030000
62.000	61.500	1.7798	0.0050000	0.092295	0.0030000
63.000	62.500	1.7758	0.0050000	0.086048	0.0030000
64.000	63.500	1.7758	0.0050000	0.088368	0.0030000
65.000	64.500	1.7720	0.0050000	0.085427	0.0030000
66.000	65.500	1.7656	0.0050000	0.085729	0.0030000
67.000	66.500	1.7625	0.0050000	0.090161	0.0030000
68.000	67.500	1.7618	0.0050000	0.085331	0.0030000
69.000	68.500	1.7607	0.0050000	0.085984	0.0030000
70.000	69.500	1.7521	0.0050000	0.081960	0.0030000
71.000	70.500	1.7474	0.0050000	0.081573	0.0030000
72.000	71.500	1.7438	0.0050000	0.088042	0.0030000
73.000	72.500	1.7420	0.0050000	0.083571	0.0030000
74.000	73.500	1.7440	0.0050000	0.083496	0.0030000
75.000	74.500	1.7402	0.0050000	0.083660	0.0030000
76.000	75.500	1.7354	0.0050000	0.079120	0.0030000
77.000	76.500	1.7284	0.0050000	0.084555	0.0030000
78.000	77.500	1.7318	0.0050000	0.090668	0.0030000
79.000	78.500	1.7273	0.0050000	0.097174	0.0030000
80.000	79.500	1.7217	0.0050000	0.094683	0.0030000
81.000	80.500	1.7188	0.0050000	0.088476	0.0030000
82.000	81.500	1.7175	0.0050000	0.082237	0.0030000
83.000	82.500	1.7202	0.0050000	0.075279	0.0030000
84.000	83.500	1.7084	0.0050000	0.075097	0.0030000
85.000	84.500	1.7001	0.0050000	0.083490	0.0030000
86.000	85.500	1.7005	0.0050000	0.085101	0.0030000
87.000	86.500	1.6968	0.0050000	0.083401	0.0030000
88.000	87.500	1.6879	0.0050000	0.083341	0.0030000
89.000	88.500	1.6878	0.0050000	0.073531	0.0030000
90.000	89.500	1.6955	0.0050000	0.065899	0.0030000
91.000	90.500	1.6902	0.0050000	0.070637	0.0030000
92.000	91.500	1.6855	0.0050000	0.075278	0.0030000
93.000	92.500	1.6865	0.0050000	0.070851	0.0030000
94.000	93.500	1.6702	0.0050000	0.079263	0.0030000
95.000	94.500	1.6694	0.0050000	0.085277	0.0030000
96.000	95.500	1.6736	0.0050000	0.077838	0.0030000
97.000	96.500	1.6540	0.0050000	0.071516	0.0030000
98.000	97.500	1.6414	0.0050000	0.071845	0.0030000
99.000	98.500	1.6451	0.0050000	0.078833	0.0030000
100.00	99.500	1.6309	0.0100000	0.085000	0.0060000
101.00	100.50	1.6370	0.0100000	0.085000	0.0060000
102.00	101.50	1.6409	0.0100000	0.085000	0.0060000
103.00	102.50	1.6457	0.0100000	0.085000	0.0060000
104.00	103.50	1.6730	0.0100000	0.085000	0.0060000
105.00	104.50	1.6764	0.0100000	0.085000	0.0060000
106.00	105.50	1.6695	0.0100000	0.085000	0.0060000
107.00	106.50	1.6581	0.0100000	0.085000	0.0060000
108.00	107.50	1.6422	0.0100000	0.085000	0.0060000
109.00	108.50	1.6616	0.0100000	0.085000	0.0060000
110.00	109.50	1.6673	0.0100000	0.085000	0.0060000
111.00	110.50	1.6468	0.0100000	0.085000	0.0060000
112.00	111.50	1.6217	0.0100000	0.085000	0.0060000
113.00	112.50	1.6320	0.0100000	0.085000	0.0060000
114.00	113.50	1.6320	0.0100000	0.085000	0.0060000
115.00	114.50	1.6240	0.0100000	0.085000	0.0060000
116.00	115.50	1.6092	0.0100000	0.085000	0.0060000
117.00	116.50	1.6115	0.0100000	0.085000	0.0060000
118.00	117.50	1.6958	0.0100000	0.085000	0.0060000
119.00	118.50	1.6537	0.0100000	0.085000	0.0060000
120.00	119.50	1.6366	0.0100000	0.085000	0.0060000
