2.25	2.25	2.1739	0.0055	0.1621	0.01357
3.35	3.35	2.0574	0.0057	0.1748	0.01206
4.45	4.45	1.9841	0.0056	0.1608	0.01041
5.55	5.55	1.9361	0.0063	0.168	0.01471
6.65	6.65	1.9232	0.0066	0.1634	0.00975
7.75	7.75	1.8965	0.0067	0.1567	0.01008
8.85	8.85	1.873	0.0067	0.1436	0.01123
9.95	9.95	1.8443	0.007	0.1345	0.00974
11.05	11.05	1.8415	0.0069	0.1336	0.01253
12.15	12.15	1.8295	0.0073	0.1197	0.0072
13.25	13.25	1.7932	0.0077	0.1301	0.00543
14.35	14.35	1.7907	0.0072	0.1224	0.00469
15.45	15.45	1.7839	0.0077	0.1149	0.00884
16.55	16.55	1.7637	0.0078	0.1148	0.01263
17.65	17.65	1.761	0.0083	0.1184	0.01308
18.75	18.75	1.7381	0.0085	0.1104	0.0035
19.85	19.85	1.7475	0.0085	0.1092	0.00612
20.95	20.95	1.7252	0.0082	0.1084	0.00758
22.05	22.05	1.7003	0.009	0.1143	0.00593
23.15	23.15	1.6928	0.0097	0.1042	0.01084
24.25	24.25	1.7058	0.0098	0.1138	0.01738
25.35	25.35	1.689	0.0126	0.1323	0.00519
26.45	26.45	1.6689	0.0112	0.1143	0.00795
27.55	27.55	1.6774	0.0131	0.1252	0.01083
28.65	28.65	1.6438	0.0094	0.089	0.01232
29.75	29.75	1.6524	0.0118	0.1041	0.0068
30.85	30.85	1.6273	0.0105	0.1009	0.00819
31.95	31.95	1.6457	0.009	0.0893	0.00789
33.05	33.05	1.6462	0.0106	0.0957	0.0055
34.15	34.15	1.6159	0.0118	0.0997	0.00489
35.25	35.25	1.6131	0.0102	0.074	0.00804
36.35	36.35	1.593	0.0105	0.0815	0.00987
37.45	37.45	1.6087	0.0122	0.0996	0.0159
38.55	38.55	1.6002	0.0119	0.0943	0.00556
39.65	39.65	1.5972	0.0118	0.0927	0.01196
40.75	40.75	1.5766	0.013	0.1068	0.01109
41.85	41.85	1.5729	0.0107	0.0763	0.0146
42.95	42.95	1.5742	0.0136	0.1018	0.00993
44.05	44.05	1.5972	0.0138	0.0888	0.00976
45.15	45.15	1.5586	0.0164	0.1066	0.00942
46.25	46.25	1.5804	0.0116	0.09	0.01497
47.35	47.35	1.5572	0.0099	0.0625	0.00696
48.45	48.45	1.5484	0.0173	0.107	0.00395
49.55	49.55	1.559	0.0127	0.0917	0.0212
50.65	50.65	1.5491	0.0117	0.0769	0.01802
51.75	51.75	1.5358	0.0128	0.087	0.01029
52.85	52.85	1.5329	0.013	0.0729	0.01216
53.95	53.95	1.5272	0.0124	0.0813	0.01716
55.05	55.05	1.5106	0.0138	0.0813	0.01142
56.15	56	1.5095	0.00943	0.06164	0.00947
57.25	57	1.5308	0.00511	0.07937	0.00502
58.35	58	1.5152	0.005	0.0914	0.007
59.45	59	1.5018	0.00777	0.06943	0.00831
60.55	61	1.4928	0.00755	0.04882	0.00784
61.65	62	1.5054	0.01043	0.08399	0.01099
62.75	63	1.4629	0.00896	0.05967	0.01056
63.85	64	1.4843	0.00893	0.05203	0.00889
64.95	65	1.4762	0.009	0.08	0.009
66.05	66	1.5092	0.01734	0.0771	0.01746
67.15	67	1.4914	0.00306	0.07144	0.00308
68.25	68	1.4797	0.01619	0.08446	0.0164
69.35	69	1.5206	.013037	0.08	0.015363
70.45	70	1.48	.018937	0.08	0.007266
71.55	72	1.4605	0.00341	0.06129	0.00341
72.65	73	1.4691	0.00692	0.05	0.00587
73.75	74	1.4427	0.00613	0.05	0.00641
74.85	75	1.4734	0.02258	0.07342	0.02274
75.95	76	1.4443	0.01311	0.09313	0.01338
77.05	77	1.4508	0.012	0.09107	0.01257
78.15	78	1.4184	0.00685	0.07053	0.0074
79.25	79	1.4216	0.00492	0.06829	0.00491
80.35	80	1.3923	0.01908	0.10146	0.02151
81.45	81	1.4376	0.01009	0.05485	0.01013
82.55	83	1.4234	0.00813	0.05281	0.00816
83.65	84	1.3983	0.01346	0.09312	0.01469
84.75	85	1.4264	0.00557	0.05949	0.00577
85.85	86	1.4423	0.01218	0.04978	0.01208
86.95	87	1.3719	0.02368	0.10919	0.02227
88.05	88	1.389	0.02221	0.08932	0.02449
89.15	89	1.395	0.01474	0.08	0.00746
90.25	90	1.411	0.00702	0.05169	0.00707
91.35	91	1.3875	0.00284	0.07551	0.00288
92.45	92	1.3943	0.02025	0.09077	0.02255
93.55	94	1.3613	0.01279	0.06805	0.01353
94.65	95	1.3825	0.003	0.04522	0.003
95.75	96	1.3862	0.00834	0.04593	0.00843
96.85	97	1.3709	0.00573	0.07336	0.00643
97.95	98	1.376	0.00594	0.04417	0.00593
99.05	99	1.3517	0.00558	0.08883	0.00636
100.15	100	1.362	0.02729	0.08303	0.02867
101.25	101	1.3595	0.0114	0.06362	0.01248
102.35	102	1.376	0.00569	0.04192	0.0059
103.45	103	1.3435	0.0026	0.04745	0.00272
104.55	105	1.3515	0.00693	0.05171	0.00733
105.65	106	1.3313	0.01181	0.04332	0.01199
106.75	107	1.3504	0.00596	0.0468	0.00598
107.85	108	1.3589	0.01542	0.07181	0.01583
108.95	109	1.339	0.00903	0.06787	0.00944
110.05	110	1.357	0.01874	0.04183	0.01298
111.15	112	1.3685	.010285	.073267	0.0100
112.25	112	1.3575	.009996	.070333	0.01000
113.35	112	1.3465	.009750	.0674	0.01000
114.45	115	1.3355	.009548	.064467	0.01000
115.55	115	1.33275	.009389	.06795	0.01000
116.65	117	1.33825	.009273	.07785	0.01000
117.75	117	1.3325	.0092	.0775	0.01000
118.85	120	1.3215	.009170	.072367	0.01000
119.95	120	1.3105	.009184	.067233	0.01000
121.05	122	1.331	.009241	.084325	0.01000
122.15	122	1.348	.009340	.0992	0.01000
123.25	122	1.33333	.009484	.093333	0.01000
124.35	125	1.31867	.00967	.087467	0.01000
125.45	125	1.31	.009899	.081975	0.01000
126.55	127	1.31	.010172	.077025	0.01000
127.65	127	1.30783	.010488	.075433	0.01000
128.75	130	1.30417	.010847	.076167	0.01000
129.85	130	1.3005	.011249	.0769	0.01000
130.95	130	1.3	.011695	.077633	0.01000
132.05	133	1.3	.012184	.078367	0.01000
133.15	133	1.30075	.012715	.0796	0.01000
134.25	133	1.30625	.013291	.084	0.01000
135.35	137	1.31175	.013909	.0884	0.01000
136.45	137	1.31725	.014570	.0928	0.01000
137.55	137	1.3145	.015275	.09115	0.01000
138.65	137	1.3035	.016023	.08345	0.01000
139.75	141	1.2925	.016814	.07575	0.01000
140.85	141	1.2815	.017648	.06805	0.01000
141.95	141	1.28633	.018525	.073808	0.01000
143.05	141	1.29367	.019446	.081692	0.01000
144.15	147	1.301	.020410	.089575	0.01000
145.25	147	1.30833	.021417	.097458	0.01000
146.35	147	1.31567	.022467	.105342	0.01000
147.45	147	1.343	.023560	.120563	0.01000
148.55	147	1.29337	.024697	.101938	0.01000
149.65	147	1.34256	.025877	.123313	0.01000
150.75	147	1.28821	.027100	.104688	0.01000
151.85	155	1.3423	.028366	.126063	0.01000
152.95	155	1.28289	.029675	.107438	0.01000
154.05	155	1.34222	.031028	.128813	0.01000
155.15	155	1.27739	.032424	.110188	0.01000
156.25	155	1.3423	.033863	.131563	0.01000
157.35	155	1.27172	.035345	.112938	0.01000
158.45	155	1.34256	.036870	.134313	0.01000
159.55	155	1.2659	.038438	.11569	0.01000
