2.5	3.5	2.4437	0.0040915	0.22011		0.0028933
7.5	7.5	2.266	0.0036791	0.15411		0.0026015
12.5	12.5	2.1817	0.0044877	0.12095		0.0031733
17.5	17.5	2.1317	0.0053533	0.10723		0.0037853
22.5	22.5	2.0868	0.0054642	0.095396	0.0038638
27.5	27.5	2.063	0.0052987	0.078394	0.0037467
32.5	32.5	2.0207	0.0053839	0.072791	0.003807
37.5	37.5	1.9829	0.0055323	0.063217	0.003912
42.5	42.5	1.9441	0.0058462	0.064483	0.0041339
47.5	47.5	1.9453	0.0057811	0.062069	0.0040878
52.5	52.5	1.8986	0.0058504	0.06052		0.0041368
57.5	57.5	1.9062	0.0063027	0.051799	0.0044567
62.5	62.5	1.8692	0.0065493	0.055534	0.004631
67.5	67.5	1.8585	0.0067361	0.05345		0.0047631
72.5	72.5	1.8304	0.0059694	0.048802	0.0042211
77.5	77.5	1.7981	0.0054479	0.036546	0.0054479
82.5	82.5	1.7953	0.010289	0.062595	0.0072756
87.5	87.5	1.77	0.011013	0.060806	0.0077872
92.5	92.5	1.7693	0.0076679	0.040608	0.0054249
97.5	97.5	1.7464	0.0083107	0.047646	0.0059256
102.5	102.5	1.7387	0.0076636	0.037622	0.0076636
107.5	107.5	1.7327	0.0070996	0.03847		0.0059338
112.5	112.5	1.7363	0.0066929	0.032098	0.0066929
117.5	117.5	1.7316	0.010464	0.053387	0.007417
122.5	122.5	1.6794	0.0077322	0.030364	0.0062722
127.5	127.5	1.692	0.0076869	0.032006	0.0041149
132.5	132.5	1.6976	0.015203	0.058379	0.010746
137.5	137.5	1.6861	0.013655	0.052363	0.0096452
142.5	142.5	1.6736	0.011366	0.047932	0.0081223
147.5	147.5	1.6312	0.011456	0.050702	0.0080515
152.5	152.5	1.6405	0.011834	0.025858	0.0056626
157.5	157.5	1.63	0.020005	0.025026	0.0072933
162.5	162.5	1.6361	0.017181	0.059916	0.012147
